Godiva critical test 
1     1  -18.76  -1     imp:n=1  $U5+U8 
2     0           1     imp:n=0  $void

1     so  0.0 0.0 0.0 8.778

c sdf
c dsfds
m1    92235 -93.2 92238 -6.8
kcode 50000 1 20 100  $ fsdfsd
ksrc  0 0 0
f6:n  1
f4:n  1
e0
      1.0000e-11 1.0000e-07 4.1399e-07 8.7642e-07 1.8554e-06 5.0435e-06
      1.0677e-05 3.7267e-05 1.0130e-04 2.1445e-04 4.5400e-04 1.5846e-03
      3.3546e-03 7.1017e-03 1.5034e-02 2.1875e-02 2.4176e-02 2.6058e-02
      3.1828e-02 4.0868e-02 6.7379e-02 0.11109 0.18316 0.29720 0.36883
      0.49787 0.60810 0.74274 0.82085 1.0026 1.3534 1.6530 1.9205
      2.2313  2.3457 2.3653 2.4660 2.7253 3.0119 3.6788 4.9659 
      6.0653  7.4082 8.6071 10.000 12.214 14.191  17.333
print
